191.0
70.0
36.0
108.0
59.0
200.0
203.0
79.0
135.0
228.0
249.0
350.0
518.0
571.0
803.0
935.0
546.0
482.0
388.0
618.0
770.0
936.0
993.0
984.0
1092.0
1079.0
1191.0
1457.0
1432.0
1449.0
1436.0
2002.0
1895.0
1757.0
1711.0
1802.0
1623.0
1475.0
1583.0
1595.0
2076.0
1970.0
1922.0
1953.0
2252.0
2344.0
2449.0
2531.0
2708.0
2742.0
2814.0
2743.0
2842.0
2697.0
2672.0
2961.0
2957.0
2919.0
3317.0
3503.0
3519.0
3533.0
3500.0
3479.0
3276.0
3225.0
3114.0
3036.0
2906.0
3017.0
3511.0
3691.0
3543.0
3496.0
3448.0
3465.0
3532.0
3117.0
2959.0
2867.0
2832.0
2820.0
2742.0
2724.0
2552.0
2516.0
2300.0
2238.0
2226.0
2174.0
1999.0
1916.0
1910.0
1673.0
1587.0
1566.0
1451.0
1378.0
1345.0
1334.0
1247.0
1159.0
1028.0
997.0
816.0
935.0
928.0
510.0
434.0
425.0
303.0
250.0
165.0
158.0
127.0
8.0
0.0
116.0
373.0
396.0
404.0
370.0
231.0
110.0
269.0
121.0
234.0
245.0
377.0
420.0
483.0
650.0
932.0
933.0
1140.0
1349.0
1358.0
1283.0
1268.0
1264.0
896.0
441.0
748.0
980.0
1026.0
987.0
1047.0
1131.0
1061.0
1053.0
1031.0
891.0
800.0
904.0
865.0
830.0
996.0
1067.0
989.0
981.0
997.0
902.0
935.0
854.0
725.0
727.0
672.0
916.0
896.0
1003.0
1090.0
777.0
779.0
801.0
802.0
960.0
1088.0
1161.0
1165.0
1211.0
1436.0
1520.0
1626.0
1662.0
1689.0
1914.0
2124.0
2183.0
2220.0
2237.0
2334.0
2539.0
2483.0
1969.0
1604.0
1648.0
1646.0
1756.0
1622.0
1312.0
1307.0
1377.0
1377.0
1333.0
1007.0
962.0
938.0
939.0
1005.0
1018.0
1228.0
1094.0
1085.0
1122.0
1073.0
855.0
826.0
611.0
266.0
420.0
655.0
496.0
597.0
525.0
690.0
665.0
928.0
839.0
699.0
505.0
658.0
746.0
408.0
453.0
502.0
536.0
189.0
140.0
109.0
89.0
122.0
223.0
328.0
352.0
436.0
468.0
567.0
628.0
666.0
746.0
769.0
785.0
934.0
1150.0
1190.0
1065.0
1144.0
1029.0
1044.0
1111.0
1145.0
1489.0
1523.0
1578.0
1212.0
1098.0
1341.0
1305.0
1636.0
1475.0
1761.0
1576.0
1576.0
1413.0
1437.0
1503.0
1397.0
1427.0
1444.0
1595.0
1546.0
1124.0
978.0
989.0
1397.0
1464.0
1582.0
1634.0
1682.0
1816.0
1856.0
1867.0
1922.0
2000.0
2169.0
2206.0
2224.0
2368.0
2427.0
2316.0
2207.0
2296.0
1979.0
2032.0
1914.0
1943.0
1769.0
1840.0
1847.0
1707.0
1894.0
1777.0
1676.0
1681.0
1759.0
1829.0
2197.0
2210.0
2356.0
2363.0
2425.0
2428.0
2577.0
2671.0
2737.0
2790.0
2881.0
2969.0
3045.0
3159.0
3184.0
2973.0
3050.0
2622.0
2467.0
2510.0
2422.0
2596.0
2612.0
2646.0
2788.0
2855.0
2882.0
2883.0
2983.0
3093.0
3072.0
3056.0
3066.0
3061.0
3075.0
3032.0
3061.0
2996.0
3218.0
3185.0
3089.0
2764.0
2841.0
2867.0
2889.0
2834.0
2792.0
2855.0
2836.0
3014.0
2703.0
2551.0
2717.0
2723.0
2530.0
2626.0
2578.0
2587.0
2643.0
2639.0
2731.0
2748.0
2869.0
2943.0
3097.0
3165.0
3255.0
3440.0
3483.0
3503.0
3558.0
3429.0
3316.0
3307.0
3426.0
3449.0
3489.0
3182.0
3325.0
3252.0
3155.0
3229.0
3240.0
3276.0
3333.0
3287.0
3341.0
3367.0
3431.0
3620.0
3652.0
3676.0
3760.0
3842.0
3916.0
3917.0
4010.0
4035.0
4165.0
4180.0
4224.0
4067.0
4038.0
4045.0
4035.0
3906.0
4056.0
4248.0
4217.0
4192.0
4437.0
4473.0
4619.0
4669.0
4856.0
4927.0
4704.0
4710.0
4802.0
4914.0
4996.0
5008.0
5175.0
5176.0
5200.0
5498.0
5501.0
5547.0
5627.0
5758.0
5768.0
5769.0
5846.0
5461.0
5204.0
5018.0
4983.0
4960.0
4877.0
4768.0
4996.0
4736.0
4688.0
4454.0
4584.0
4469.0
4358.0
4547.0
4628.0
4639.0
4589.0
4514.0
4513.0
4306.0
4331.0
4208.0
4321.0
4253.0
4226.0
4246.0
4197.0
4200.0
4183.0
3692.0
3544.0
3741.0
3556.0
3526.0
3461.0
3560.0
3422.0
3449.0
3407.0
3443.0
3172.0
3083.0
3211.0
3395.0
3120.0
3062.0
2437.0
2452.0
2567.0
2691.0
2722.0
2663.0
2545.0
2482.0
2532.0
2546.0
2601.0
2688.0
2818.0
2835.0
2850.0
2878.0
2959.0
3112.0
3125.0
3170.0
3187.0
2958.0
2998.0
2429.0
2662.0
2670.0
2435.0
2441.0
2565.0
2443.0
2402.0
2292.0
2213.0
2221.0
2445.0
2591.0
2540.0
2582.0
2650.0
2627.0
1984.0
1340.0
1266.0
1280.0
1060.0
1147.0
961.0
331.0
172.0
120.0
120.0
432.0
507.0
493.0
586.0
741.0
700.0
717.0
728.0
738.0
672.0
570.0
550.0
435.0
378.0
356.0
30.0
0.0
17.0
70.0
374.0
438.0
273.0
268.0
434.0
432.0
459.0
420.0
204.0
56.0
63.0
233.0
250.0
321.0
376.0
408.0
1026.0
1047.0
1058.0
1086.0
1089.0
908.0
829.0
1000.0
1100.0
1021.0
972.0
903.0
814.0
822.0
861.0
212.0
152.0
45.0
475.0
762.0
753.0
1330.0
1137.0
1266.0
1430.0
2154.0
2006.0
1858.0
1961.0
2089.0
2075.0
2328.0
2453.0
2279.0
2215.0
2253.0
2272.0
2539.0
2636.0
2753.0
2780.0
2776.0
2731.0
2965.0
3053.0
3018.0
2984.0
2977.0
2852.0
2847.0
2705.0
2665.0
2617.0
2740.0
2808.0
2784.0
2799.0
2709.0
2757.0
2704.0
2672.0
2615.0
2594.0
2893.0
2665.0
2911.0
2831.0
2995.0
3000.0
2914.0
3165.0
3188.0
3278.0
3337.0
3348.0
3281.0
3410.0
3557.0
3492.0
3478.0
3431.0
3258.0
3106.0
3056.0
2959.0
2902.0
2857.0
2678.0
2674.0
2525.0
2511.0
2425.0
2388.0
2221.0
2601.0
2869.0
2800.0
2680.0
2815.0
2801.0
3019.0
2762.0
3060.0
2965.0
2867.0
2908.0
2786.0
2759.0
2845.0
2785.0
2703.0
2671.0
2691.0
2830.0
2881.0
2877.0
2798.0
3168.0
3002.0
2872.0
2940.0
2942.0
2938.0
3062.0
3071.0
2943.0
2923.0
2930.0
3035.0
3059.0
3064.0
3082.0
3081.0
2856.0
2774.0
2679.0
2524.0
2473.0
2301.0
2207.0
2174.0
2164.0
1881.0
1860.0
1838.0
1738.0
1815.0
1827.0
1781.0
1984.0
1904.0
1855.0
1705.0
1679.0
1602.0
1536.0
1455.0
1151.0
841.0
815.0
740.0
992.0
1322.0
1297.0
1363.0
1367.0
1226.0
1451.0
1443.0
1618.0
1602.0
1501.0
1474.0
1394.0
1370.0
1059.0
1027.0
922.0
887.0
773.0
738.0
624.0
539.0
415.0
548.0
353.0
338.0
493.0
585.0
340.0
321.0
222.0
211.0
127.0
0.0
40.0
338.0
532.0
304.0
316.0
378.0
146.0
246.0
296.0
85.0
83.0
0.0
226.0
294.0
307.0
362.0
391.0
416.0
445.0
510.0
527.0
633.0
704.0
909.0
1107.0
1119.0
1128.0
1268.0
985.0
1080.0
1193.0
1317.0
1362.0
1368.0
1649.0
1868.0
1892.0
1906.0
2064.0
2144.0
2195.0
2225.0
2295.0
2445.0
2499.0
2639.0
2707.0
2350.0
2370.0
2510.0
2321.0
2192.0
2181.0
2309.0
2292.0
2179.0
1982.0
1743.0
1807.0
1451.0
1423.0
1399.0
1360.0
1239.0
1366.0
1530.0
1457.0
1399.0
1541.0
1563.0
1602.0
1795.0
1818.0
1843.0
1852.0
2106.0
2187.0
2237.0
2256.0
2278.0
2516.0
2571.0
2149.0
1979.0
2163.0
2281.0
2365.0
2420.0
2553.0
2638.0
2978.0
2979.0
3065.0
3218.0
3238.0
3281.0
3255.0
3172.0
2710.0
2640.0
2671.0
2934.0
2964.0
2965.0
2871.0
2750.0
2691.0
2645.0
2414.0
2214.0
2482.0
2396.0
2363.0
2217.0
1949.0
1893.0
1872.0
1931.0
1096.0
1112.0
1086.0
1110.0
1277.0
1330.0
1325.0
1381.0
1247.0
1188.0
1333.0
1315.0
1253.0
1275.0
1289.0
882.0
1092.0
854.0
808.0
740.0
823.0
154.0
267.0
75.0
3.0
0.0
155.0
157.0
256.0
280.0
510.0
621.0
746.0
989.0
1522.0
1626.0
1726.0
1784.0
1800.0
1811.0
2004.0
2106.0
2298.0
2377.0
2344.0
2410.0
2412.0
2510.0
2549.0
2915.0
2782.0
2866.0
2929.0
2942.0
2943.0
3123.0
3138.0
3276.0
3280.0
3436.0
3459.0
3811.0
3839.0
3866.0
4081.0
4218.0
4276.0
4311.0
4321.0
4337.0
4384.0
4455.0
4388.0
3957.0
3986.0
3940.0
3892.0
3588.0
3096.0
3370.0
3347.0
3422.0
3116.0
2664.0
2742.0
2737.0
2783.0
2722.0
2364.0
2347.0
2344.0
1796.0
1834.0
1358.0
1318.0
1102.0
1187.0
1114.0
1163.0
1069.0
631.0
776.0
738.0
764.0
670.0
